<?xml version="1.0"?>
<opencv_storage>
<train_matrix type_id="opencv-matrix">
  <rows>86</rows>
  <cols>3</cols>
  <dt>f</dt>
  <data>
    3.66666675e-01 7.70556211e-01 8.09036195e-01 3.66666675e-01
    7.79889047e-01 7.17961133e-01 1.66666672e-01 4.40799952e-01
    1.39872059e-01 2.66666681e-01 4.07200098e-01 1.44656479e-01
    1.66666672e-01 1.87199995e-01 2.78082974e-02 2.66666681e-01
    2.58405834e-01 8.41568783e-02 1.66666672e-01 3.99600029e-01
    1.26324579e-01 1.33333340e-01 2.30399996e-01 6.76178336e-02
    2.33333334e-01 3.99199992e-01 1.32716879e-01 4.33333337e-01
    4.03607905e-01 8.71828794e-01 3.66666675e-01 8.93907726e-01
    7.09812641e-01 3.00000012e-01 9.04799879e-01 7.48464108e-01
    1.33333340e-01 1.76799983e-01 8.06512386e-02 4.00000006e-01
    9.66545999e-01 6.62184238e-01 2.66666681e-01 2.68799990e-01
    4.94610704e-02 1.33333340e-01 1.79199964e-01 6.13758378e-02
    1.66666672e-01 3.17599893e-01 9.60750580e-02 2.00000003e-01
    3.07199985e-01 3.87863033e-02 1.66666672e-01 2.36800030e-01
    2.74666902e-02 2.00000003e-01 3.80800039e-01 1.44497484e-01
    2.00000003e-01 3.03999931e-01 1.22796431e-01 4.00000006e-01
    2.56799936e-01 3.73754092e-02 1.66666672e-01 2.97600031e-01
    1.00441463e-01 2.00000003e-01 2.01600030e-01 5.32744490e-02
    5.00000000e-01 6.50066972e-01 7.85052538e-01 4.66666669e-01
    8.63720536e-01 1. 4.00000006e-01 7.27195263e-01 7.75784135e-01
    2.00000003e-01 3.31200033e-01 1.03706688e-01 4.66666669e-01
    5.01002491e-01 9.98008966e-01 2.33333334e-01 3.74399990e-01
    1.42275259e-01 2.33333334e-01 4.06400084e-01 1.58484697e-01
    3.33333343e-01 4.45728362e-01 6.48777604e-01 2.66666681e-01 1.
    6.38244808e-01 4.66666669e-01 3.43468934e-01 9.75395560e-01
    1.66666672e-01 2.32799947e-01 3.44792753e-02 3.66666675e-01
    3.55680019e-01 9.58087325e-01 2.66666681e-01 2.84897059e-01
    7.71930158e-01 1.66666672e-01 3.95999968e-01 1.14738576e-01
    3.00000012e-01 3.60000014e-01 1.04427099e-01 2.00000003e-01
    2.23199949e-01 8.23767111e-02 1.66666672e-01 2.54400045e-01
    6.49393275e-02 1.66666672e-01 2.78400034e-01 3.69976684e-02
    2.00000003e-01 2.11199969e-01 4.68945354e-02 1.66666672e-01
    2.69599885e-01 4.70953695e-02 2.66666681e-01 2.70000011e-01
    1.23797439e-01 2.00000003e-01 2.54400015e-01 7.75391385e-02
    1.66666672e-01 2.01600030e-01 2.55557727e-02 2.00000003e-01
    2.06400007e-01 2.35328898e-02 2.00000003e-01 2.54400074e-01
    3.37261520e-02 2.33333334e-01 3.45600039e-01 8.30300525e-02
    1.66666672e-01 3.77600014e-01 1.32424951e-01 2.66666681e-01
    2.70748913e-01 4.30188552e-02 1.66666672e-01 3.54399890e-01
    1.59580305e-01 3.33333343e-01 3.09599996e-01 1.01147339e-01
    2.33333334e-01 2.23199993e-01 3.54212783e-02 3.33333343e-01
    2.90400058e-01 1.18850082e-01 3.33333343e-01 3.64800036e-01
    1.04734987e-01 2.00000003e-01 2.23199949e-01 8.23767111e-02
    2.00000003e-01 2.12799981e-01 6.17052503e-02 2.00000003e-01
    4.76799995e-01 1.39836296e-01 1.66666672e-01 2.84799963e-01
    1.14188507e-01 3.66666675e-01 3.02080035e-01 1.21694975e-01
    2.33333334e-01 4.51200008e-01 1.56838641e-01 2.33333334e-01
    4.25600111e-01 1.48169324e-01 1.66666672e-01 2.68799990e-01
    7.45720938e-02 1.66666672e-01 2.71200150e-01 7.99890608e-02
    2.66666681e-01 3.10399890e-01 3.77907977e-02 2.33333334e-01
    3.07200074e-01 1.05233371e-01 2.33333334e-01 2.50000000e-01
    5.82025684e-02 1.66666672e-01 3.35999995e-01 7.89486915e-02
    2.00000003e-01 4.17600036e-01 1.37966752e-01 2.66666681e-01
    9.42399979e-01 5.25130093e-01 1.66666672e-01 3.67999941e-01
    1.67856917e-01 2.66666681e-01 3.20400089e-01 1.22737437e-01
    1.33333340e-01 2.73600012e-01 4.60475795e-02 1.33333340e-01
    2.09600002e-01 6.10655844e-02 2.00000003e-01 3.87199819e-01
    1.38919190e-01 3.00000012e-01 2.30399951e-01 1.18140459e-01
    1.33333340e-01 1.96799964e-01 3.07035632e-02 4.00000006e-01
    9.66545999e-01 6.62184238e-01 2.00000003e-01 2.11199999e-01
    5.39230108e-02 4.00000006e-01 7.27195263e-01 7.75784135e-01
    1.66666672e-01 2.52000034e-01 2.98952051e-02 2.33333334e-01
    4.11199898e-01 1.38048962e-01 2.66666681e-01 3.55599999e-01
    1.12044573e-01 2.33333334e-01 3.15199912e-01 8.88270587e-02</data></train_matrix>
<label_matrix type_id="opencv-matrix">
  <rows>86</rows>
  <cols>2</cols>
  <dt>f</dt>
  <data>
    0. 1. 0. 1. 1. 0. 1. 0. 1. 0. 1. 0. 1. 0. 1. 0. 1. 0. 0. 1. 0. 1. 0.
    1. 1. 0. 0. 1. 1. 0. 1. 0. 1. 0. 1. 0. 1. 0. 1. 0. 1. 0. 1. 0. 1. 0.
    1. 0. 0. 1. 0. 1. 0. 1. 1. 0. 0. 1. 1. 0. 1. 0. 0. 1. 0. 1. 0. 1. 1.
    0. 0. 1. 0. 1. 1. 0. 1. 0. 1. 0. 1. 0. 1. 0. 1. 0. 1. 0. 1. 0. 1. 0.
    1. 0. 1. 0. 1. 0. 1. 0. 1. 0. 1. 0. 1. 0. 1. 0. 1. 0. 1. 0. 1. 0. 1.
    0. 1. 0. 1. 0. 1. 0. 1. 0. 1. 0. 1. 0. 1. 0. 1. 0. 1. 0. 1. 0. 1. 0.
    1. 0. 1. 0. 0. 1. 1. 0. 1. 0. 1. 0. 1. 0. 1. 0. 1. 0. 1. 0. 0. 1. 1.
    0. 0. 1. 1. 0. 1. 0. 1. 0. 1. 0.</data></label_matrix>
</opencv_storage>
