<?xml version="1.0"?>
<opencv_storage>
<train_matrix type_id="opencv-matrix">
  <rows>215</rows>
  <cols>7</cols>
  <dt>f</dt>
  <data>
    1.25000000e-01 1.00000001e-01 0. 1.00000001e-01 1.00000001e-01 0. 0.
    1.00000001e-01 1.00000001e-01 0. 5.00000007e-02 5.00000007e-02 0. 0.
    2.50000000e-01 6.66666701e-02 5.00000007e-02 1.00000001e-01
    5.00000007e-02 0. 0. 1.00000001e-01 1.00000001e-01 5.00000007e-02
    5.00000007e-02 5.00000007e-02 0. 0. 1.00000001e-01 6.66666701e-02
    1.00000001e-01 1.00000001e-01 2.50000000e-01 0. 0. 6.75000012e-01
    2.00000003e-01 1.00000001e-01 1.50000006e-01 5.00000007e-02 0. 0.
    7.25000024e-01 3.00000012e-01 5.00000007e-02 5.00000007e-02 0. 0. 0.
    1.25000000e-01 6.66666701e-02 1.00000001e-01 1.00000001e-01
    2.00000003e-01 0. 0. 1.25000000e-01 6.66666701e-02 1.00000001e-01
    1.00000001e-01 1.50000006e-01 0. 0. 1.25000000e-01 1.66666672e-01
    5.00000007e-02 2.00000003e-01 2.50000000e-01 1.00000001e-01
    2.00000003e-01 2.24999994e-01 6.66666701e-02 5.00000007e-02
    5.00000007e-02 1.00000001e-01 0. 0. 3.49999994e-01 2.00000003e-01
    1.00000001e-01 1.50000006e-01 1.00000001e-01 0. 0. 7.50000030e-02
    6.66666701e-02 1.00000001e-01 0. 4.00000006e-01 0. 0. 5.50000012e-01
    2.33333334e-01 2.50000000e-01 1.50000006e-01 3.49999994e-01 0. 0.
    2.24999994e-01 3.33333351e-02 5.00000007e-02 1.00000001e-01 0. 0. 0.
    6.25000000e-01 3.33333343e-01 1.50000006e-01 2.00000003e-01
    5.50000012e-01 0. 0. 5.00000007e-02 6.66666701e-02 2.00000003e-01
    5.00000007e-02 0. 0. 0. 2.24999994e-01 6.66666701e-02 5.00000007e-02
    5.00000007e-02 2.00000003e-01 0. 0. 1.50000006e-01 1.33333340e-01
    5.00000007e-02 1.00000001e-01 1.50000006e-01 1.00000001e-01 0.
    2.24999994e-01 3.33333351e-02 5.00000007e-02 0. 0. 0. 0.
    5.74999988e-01 2.33333334e-01 5.00000007e-02 5.00000007e-02
    1.00000001e-01 0. 1.00000001e-01 2.50000000e-01 6.66666701e-02 0.
    1.50000006e-01 2.00000003e-01 1.00000001e-01 0. 5.00000007e-02
    6.66666701e-02 1.50000006e-01 5.00000007e-02 0. 0. 0. 5.00000007e-02
    6.66666701e-02 0. 0. 0. 0. 0. 4.49999988e-01 2.00000003e-01 0.
    1.00000001e-01 0. 0. 1.00000001e-01 2.50000000e-01 3.33333351e-02 0.
    1.50000006e-01 1.50000006e-01 1.00000001e-01 0. 2.50000000e-01
    3.00000012e-01 2.50000000e-01 3.00000012e-01 0. 0. 3.00000012e-01
    5.00000000e-01 2.00000003e-01 0. 1.00000001e-01 5.00000007e-02
    1.00000001e-01 1.00000001e-01 6.75000012e-01 2.33333334e-01
    1.00000001e-01 1.50000006e-01 1.00000001e-01 0. 0. 4.00000006e-01
    2.00000003e-01 0. 1.00000001e-01 0. 1.00000001e-01 1.00000001e-01
    6.00000024e-01 2.33333334e-01 2.50000000e-01 1.50000006e-01
    4.49999988e-01 0. 0. 1.50000006e-01 6.66666701e-02 1.50000006e-01
    2.00000003e-01 3.00000012e-01 1.00000001e-01 2.00000003e-01
    1.00000001e-01 1.33333340e-01 5.00000007e-02 5.00000007e-02 0. 0. 0.
    5.00000007e-02 1.00000001e-01 2.50000000e-01 5.00000007e-02
    5.00000007e-02 0. 0. 2.24999994e-01 6.66666701e-02 5.00000007e-02
    5.00000007e-02 5.00000007e-02 0. 0. 6.75000012e-01 2.00000003e-01
    5.00000007e-02 1.50000006e-01 5.00000007e-02 0. 0. 3.24999988e-01
    3.00000012e-01 1.00000001e-01 1.00000001e-01 4.49999988e-01
    2.00000003e-01 1.00000001e-01 2.24999994e-01 1.66666672e-01
    5.00000007e-02 5.00000007e-02 2.50000000e-01 0. 2.00000003e-01
    2.24999994e-01 1.66666672e-01 5.00000007e-02 0. 2.50000000e-01 0.
    2.00000003e-01 7.50000030e-02 3.33333351e-02 3.00000012e-01
    5.00000007e-02 2.50000000e-01 0. 0. 2.24999994e-01 6.66666701e-02
    5.00000007e-02 5.00000007e-02 1.50000006e-01 0. 0. 6.00000024e-01
    2.66666681e-01 2.00000003e-01 1.50000006e-01 2.00000003e-01 0. 0.
    3.00000012e-01 2.66666681e-01 2.50000000e-01 3.00000012e-01 0. 0.
    3.00000012e-01 5.74999988e-01 3.00000012e-01 1.50000006e-01
    1.50000006e-01 1.50000006e-01 0. 0. 5.74999988e-01 2.66666681e-01
    5.00000007e-02 5.00000007e-02 5.00000007e-02 0. 1.00000001e-01
    7.50000030e-02 6.66666701e-02 1.00000001e-01 0. 4.49999988e-01 0. 0.
    2.75000006e-01 0. 5.00000007e-02 1.00000001e-01 1.00000001e-01
    1.00000001e-01 0. 4.49999988e-01 2.00000003e-01 0. 1.00000001e-01 0.
    0. 0. 1.74999997e-01 3.33333351e-02 1.50000006e-01 1.00000001e-01
    5.00000007e-02 0. 0. 2.24999994e-01 1.66666672e-01 5.00000007e-02
    1.00000001e-01 2.50000000e-01 0. 2.00000003e-01 6.00000024e-01
    2.00000003e-01 2.50000000e-01 1.50000006e-01 5.00000000e-01 0. 0.
    5.00000007e-02 1.00000001e-01 2.50000000e-01 5.00000007e-02 0. 0. 0.
    3.49999994e-01 1.66666672e-01 1.50000006e-01 0. 1.50000006e-01
    3.00000012e-01 1.00000001e-01 3.49999994e-01 2.00000003e-01
    1.00000001e-01 1.00000001e-01 1.00000001e-01 0. 0. 7.50000030e-02
    3.33333351e-02 0. 0. 0. 0. 0. 2.24999994e-01 3.33333351e-02
    5.00000007e-02 1.00000001e-01 5.00000007e-02 1.00000001e-01 0.
    5.00000007e-02 6.66666701e-02 1.00000001e-01 0. 0. 0. 0.
    5.00000007e-02 6.66666701e-02 1.50000006e-01 0. 0. 0. 0.
    5.00000007e-02 6.66666701e-02 5.00000007e-02 0. 0. 0. 0.
    6.00000024e-01 2.33333334e-01 2.00000003e-01 1.50000006e-01
    2.50000000e-01 0. 0. 6.99999988e-01 1.66666672e-01 2.00000003e-01
    2.00000003e-01 3.00000012e-01 0. 0. 2.24999994e-01 3.33333351e-02
    5.00000007e-02 5.00000007e-02 0. 0. 0. 6.00000024e-01 2.00000003e-01
    5.00000007e-02 5.00000007e-02 1.50000006e-01 0. 1.00000001e-01
    2.75000006e-01 6.66666701e-02 5.00000007e-02 1.50000006e-01
    1.00000001e-01 0. 2.00000003e-01 5.74999988e-01 1.66666672e-01
    5.00000007e-02 5.00000007e-02 1.50000006e-01 0. 1.00000001e-01
    2.00000003e-01 6.66666701e-02 0. 1.50000006e-01 3.00000012e-01
    3.00000012e-01 0. 2.50000000e-01 6.66666701e-02 0. 1.50000006e-01
    2.00000003e-01 2.00000003e-01 0. 5.00000007e-02 1.00000001e-01
    2.00000003e-01 5.00000007e-02 0. 0. 0. 7.50000030e-02 3.33333351e-02
    3.00000012e-01 5.00000007e-02 1.50000006e-01 0. 0. 2.24999994e-01
    3.33333351e-02 5.00000007e-02 1.00000001e-01 5.00000007e-02 0. 0.
    4.49999988e-01 2.00000003e-01 0. 1.00000001e-01 5.00000007e-02 0. 0.
    1.00000001e-01 1.33333340e-01 5.00000007e-02 5.00000007e-02
    5.00000007e-02 0. 0. 4.49999988e-01 2.00000003e-01 5.00000007e-02
    1.50000006e-01 5.00000007e-02 0. 0. 1.00000001e-01 1.00000001e-01
    5.00000007e-02 5.00000007e-02 0. 0. 0. 3.00000012e-01 2.66666681e-01
    2.50000000e-01 3.00000012e-01 0. 0. 3.00000012e-01 1.25000000e-01
    1.33333340e-01 1.00000001e-01 5.00000007e-02 1.00000001e-01 0. 0.
    2.50000000e-01 6.66666701e-02 5.00000007e-02 5.00000007e-02 0. 0. 0.
    1.50000006e-01 1.66666672e-01 1.50000006e-01 1.50000006e-01
    4.00000006e-01 0. 0. 2.24999994e-01 1.66666672e-01 1.50000006e-01
    1.50000006e-01 3.00000012e-01 0. 0. 1.50000006e-01 6.66666701e-02 0.
    5.00000007e-02 4.49999988e-01 0. 0. 7.25000024e-01 3.00000012e-01
    5.00000007e-02 5.00000007e-02 0. 0. 0. 3.75000000e-01 2.00000003e-01
    1.50000006e-01 2.00000003e-01 5.00000007e-02 0. 0. 3.49999994e-01
    2.00000003e-01 1.50000006e-01 5.00000007e-02 5.00000007e-02 0. 0.
    2.00000003e-01 1.00000001e-01 1.00000001e-01 1.00000001e-01 0. 0. 0.
    1.50000006e-01 6.66666701e-02 5.00000007e-02 1.00000001e-01
    5.00000007e-02 0. 0. 4.74999994e-01 2.66666681e-01 0. 5.00000007e-02
    2.00000003e-01 1.00000001e-01 0. 2.50000000e-01 6.66666701e-02
    5.00000007e-02 2.00000003e-01 3.49999994e-01 0. 2.00000003e-01
    1.74999997e-01 1.66666672e-01 1.00000001e-01 1.50000006e-01
    2.00000003e-01 0. 0. 7.74999976e-01 2.33333334e-01 5.00000007e-02
    1.50000006e-01 0. 0. 0. 2.75000006e-01 1.66666672e-01 5.00000007e-02
    1.00000001e-01 0. 0. 0. 6.99999988e-01 4.00000006e-01 0.
    1.50000006e-01 1.50000006e-01 0. 0. 4.25000012e-01 2.33333334e-01
    1.00000001e-01 5.00000007e-02 3.49999994e-01 0. 0. 1.50000006e-01
    1.00000001e-01 1.00000001e-01 1.00000001e-01 0. 0. 0. 1.50000006e-01
    6.66666701e-02 5.00000007e-02 1.00000001e-01 1.00000001e-01 0.
