<?xml version="1.0"?>
<opencv_storage>
<left_R>
  70. 298. 558. 578.</left_R>
<right_R>
  590. 194. 668. 782.</right_R>
<left_L>
  38. 146. 688. 658.</left_L>
<right_L>
  642. 340. 620. 624.</right_L>
</opencv_storage>
