<?xml version="1.0"?>
<opencv_storage>
<train_matrix type_id="opencv-matrix">
  <rows>29</rows>
  <cols>4</cols>
  <dt>f</dt>
  <data>
    4.81099993e-01 4.60000008e-01 1.58500001e-01 3.79999995e-01
    6.01999998e-01 4.49999988e-01 9.80000049e-02 2.59999990e-01 1.
    5.79999983e-01 3.27999979e-01 6.20000005e-01 5.00900030e-01
    5.79999983e-01 1.46200001e-01 3.60000014e-01 8.10800016e-01
    6.39999986e-01 3.51199985e-01 5.69999993e-01 4.41899985e-01
    4.00000006e-01 1.38500005e-01 2.89999992e-01 1. 4.39999998e-01 1.
    7.40000010e-01 8.98599982e-01 6.29999995e-01 1. 4.60000008e-01
    6.83300018e-01 4.49999988e-01 1.81500003e-01 3.30000013e-01
    6.71600044e-01 5.50000012e-01 1.74500003e-01 5.09999990e-01
    9.97399986e-01 6.70000017e-01 2.91500002e-01 5.79999983e-01
    6.45299971e-01 6.00000024e-01 2.19500005e-01 4.00000006e-01
    7.72199988e-01 6.20000005e-01 2.73200005e-01 5.60000002e-01
    9.85899985e-01 6.10000014e-01 3.30000013e-01 5.69999993e-01 1.
    5.19999981e-01 1. 9.80000019e-01 1. 5.79999983e-01 1. 4.19999987e-01
    5.13400018e-01 5.79999983e-01 3.31200004e-01 8.00000012e-01
    7.71600008e-01 5.40000021e-01 2.94499993e-01 3.70000005e-01
    8.96699965e-01 6.29999995e-01 2.44300008e-01 4.90000010e-01 1.
    6.10000014e-01 8.10999990e-01 5.50000012e-01 1. 6.00000024e-01 1.
    5.89999974e-01 6.05400026e-01 6.70000017e-01 2.07999989e-01
    4.49999988e-01 5.54099977e-01 4.90000010e-01 1.13999993e-01
    3.19999993e-01 1. 7.59999990e-01 5.08499980e-01 6.60000026e-01
    8.56900036e-01 5.29999971e-01 3.26199979e-01 5.19999981e-01
    4.64000016e-01 4.79999989e-01 1.29299998e-01 3.79999995e-01 1.
    4.39999998e-01 1. 7.69999981e-01 7.96900034e-01 5.50000012e-01
    3.12500000e-01 4.19999987e-01 6.06500030e-01 5.50000012e-01
    1.72700003e-01 8.50000024e-01</data></train_matrix>
<label_matrix type_id="opencv-matrix">
  <rows>29</rows>
  <cols>2</cols>
  <dt>f</dt>
  <data>
    1. 0. 1. 0. 0. 1. 1. 0. 0. 1. 1. 0. 0. 1. 0. 1. 1. 0. 1. 0. 0. 1. 1.
    0. 1. 0. 1. 0. 0. 1. 0. 1. 0. 1. 0. 1. 0. 1. 0. 1. 0. 1. 1. 0. 1. 0.
    1. 0. 1. 0. 1. 0. 0. 1. 0. 1. 1. 0.</data></label_matrix>
</opencv_storage>
