<?xml version="1.0"?>
<opencv_storage>
<train_matrix type_id="opencv-matrix">
  <rows>75</rows>
  <cols>15</cols>
  <dt>f</dt>
  <data>
    20. 46. 28. 21. 16. 12. 2. 6. 5. 1. 9. 3. 0. 0. 0. 18. 60. 28. 11.
    2. 4. 0. 1. 0. 2. 1. 0. 0. 0. 0. 12. 52. 25. 6. 6. 1. 0. 1. 0. 0. 0.
    0. 0. 0. 0. 5. 22. 16. 6. 2. 3. 0. 0. 0. 2. 0. 0. 1. 0. 0. 11. 81.
    38. 20. 11. 6. 4. 0. 2. 0. 1. 0. 0. 0. 0. 14. 44. 14. 4. 1. 2. 1. 0.
    1. 0. 0. 0. 0. 0. 0. 13. 27. 41. 6. 15. 9. 1. 3. 2. 1. 8. 0. 0. 0.
    2. 23. 59. 16. 3. 3. 1. 0. 0. 0. 0. 0. 0. 0. 0. 0. 4. 13. 17. 14. 2.
    3. 3. 1. 1. 1. 2. 0. 0. 0. 0. 2. 22. 9. 6. 2. 0. 0. 0. 1. 0. 1. 0.
    0. 0. 0. 7. 28. 6. 7. 1. 1. 2. 0. 1. 0. 0. 0. 0. 0. 0. 7. 46. 15.
    13. 5. 8. 3. 1. 0. 1. 1. 0. 0. 0. 0. 14. 59. 16. 5. 5. 1. 2. 1. 0.
    0. 0. 0. 0. 0. 0. 14. 50. 29. 10. 2. 0. 0. 1. 0. 0. 1. 0. 0. 0. 0.
    3. 34. 33. 25. 21. 14. 12. 6. 6. 4. 15. 0. 1. 0. 0. 4. 35. 17. 8. 6.
    3. 1. 1. 1. 0. 1. 0. 0. 0. 0. 11. 38. 26. 8. 2. 1. 1. 2. 1. 1. 0. 0.
    0. 0. 0. 9. 74. 30. 7. 7. 1. 2. 0. 1. 0. 0. 0. 0. 0. 0. 32. 62. 46.
    16. 6. 8. 1. 2. 3. 1. 8. 1. 1. 1. 2. 14. 65. 48. 19. 10. 0. 4. 1. 0.
    0. 1. 0. 0. 0. 0. 11. 55. 28. 10. 7. 2. 0. 0. 0. 0. 1. 0. 0. 0. 0.
    5. 25. 20. 17. 14. 7. 10. 10. 4. 5. 16. 2. 2. 0. 0. 23. 56. 22. 5.
    3. 2. 2. 0. 0. 0. 1. 0. 0. 0. 0. 7. 43. 17. 6. 1. 2. 1. 0. 1. 0. 0.
    0. 0. 0. 0. 15. 56. 13. 17. 13. 10. 5. 2. 0. 2. 1. 0. 0. 0. 0. 21.
    53. 27. 7. 4. 3. 0. 2. 1. 1. 0. 0. 0. 0. 0. 16. 71. 23. 15. 5. 4. 1.
    0. 0. 1. 1. 0. 0. 0. 0. 10. 35. 42. 23. 8. 8. 5. 2. 2. 1. 1. 0. 0.
    0. 1. 26. 56. 12. 3. 1. 1. 0. 0. 0. 0. 0. 0. 0. 0. 0. 16. 52. 21.
    10. 6. 3. 2. 0. 2. 0. 1. 0. 0. 0. 0. 10. 48. 27. 9. 1. 1. 2. 2. 0.
    0. 2. 0. 0. 0. 0. 3. 55. 41. 23. 26. 12. 6. 9. 5. 4. 9. 0. 0. 0. 0.
    11. 65. 35. 23. 10. 3. 1. 6. 1. 0. 0. 0. 0. 0. 0. 5. 56. 22. 16. 4.
    4. 1. 2. 2. 0. 1. 0. 0. 0. 1. 11. 54. 41. 21. 6. 7. 2. 1. 2. 0. 0.
    0. 0. 0. 0. 17. 45. 29. 10. 3. 2. 0. 0. 0. 4. 0. 0. 0. 0. 0. 9. 64.
    31. 15. 13. 5. 9. 3. 2. 2. 1. 1. 0. 0. 0. 17. 51. 33. 7. 6. 2. 2. 2.
    1. 1. 1. 0. 0. 0. 0. 10. 48. 34. 7. 9. 5. 5. 1. 1. 3. 1. 2. 1. 0. 0.
    18. 76. 45. 13. 6. 3. 5. 2. 2. 2. 0. 0. 0. 0. 0. 10. 62. 24. 16. 3.
    7. 0. 0. 0. 2. 0. 0. 0. 0. 0. 15. 85. 50. 21. 11. 7. 1. 0. 0. 0. 0.
    0. 0. 1. 0. 20. 79. 35. 12. 9. 4. 1. 0. 2. 1. 0. 0. 0. 0. 0. 19. 56.
    13. 6. 2. 1. 1. 0. 0. 0. 0. 0. 0. 0. 0. 10. 38. 17. 8. 3. 4. 2. 1.
    0. 0. 7. 1. 0. 0. 0. 8. 31. 6. 5. 3. 1. 1. 1. 0. 0. 0. 0. 0. 0. 0.
    5. 38. 26. 12. 5. 2. 1. 3. 2. 1. 4. 3. 0. 0. 1. 22. 79. 40. 11. 5.
    3. 1. 0. 0. 0. 0. 0. 0. 0. 0. 10. 62. 17. 6. 4. 3. 3. 4. 3. 2. 3. 0.
    0. 0. 0. 10. 62. 24. 16. 3. 7. 0. 0. 0. 2. 0. 0. 0. 0. 0. 17. 51.
    33. 7. 6. 2. 2. 2. 1. 1. 1. 0. 0. 0. 0. 12. 52. 25. 6. 6. 1. 0. 1.
    0. 0. 0. 0. 0. 0. 0. 17. 45. 29. 10. 3. 2. 0. 0. 0. 4. 0. 0. 0. 0.
    0. 11. 38. 26. 8. 2. 1. 1. 2. 1. 1. 0. 0. 0. 0. 0. 11. 81. 38. 20.
    11. 6. 4. 0. 2. 0. 1. 0. 0. 0. 0. 7. 46. 15. 13. 5. 8. 3. 1. 0. 1.
    1. 0. 0. 0. 0. 8. 31. 6. 5. 3. 1. 1. 1. 0. 0. 0. 0. 0. 0. 0. 23. 59.
    16. 3. 3. 1. 0. 0. 0. 0. 0. 0. 0. 0. 0. 22. 79. 40. 11. 5. 3. 1. 0.
    0. 0. 0. 0. 0. 0. 0. 7. 43. 17. 6. 1. 2. 1. 0. 1. 0. 0. 0. 0. 0. 0.
    14. 59. 16. 5. 5. 1. 2. 1. 0. 0. 0. 0. 0. 0. 0. 11. 65. 35. 23. 10.
    3. 1. 6. 1. 0. 0. 0. 0. 0. 0. 18. 60. 28. 11. 2. 4. 0. 1. 0. 2. 1.
    0. 0. 0. 0. 20. 79. 35. 12. 9. 4. 1. 0. 2. 1. 0. 0. 0. 0. 0. 14. 65.
    48. 19. 10. 0. 4. 1. 0. 0. 1. 0. 0. 0. 0. 9. 74. 30. 7. 7. 1. 2. 0.
    1. 0. 0. 0. 0. 0. 0. 26. 56. 12. 3. 1. 1. 0. 0. 0. 0. 0. 0. 0. 0. 0.
    16. 52. 21. 10. 6. 3. 2. 0. 2. 0. 1. 0. 0. 0. 0. 18. 76. 45. 13. 6.
    3. 5. 2. 2. 2. 0. 0. 0. 0. 0. 7. 28. 6. 7. 1. 1. 2. 0. 1. 0. 0. 0.
    0. 0. 0. 2. 22. 9. 6. 2. 0. 0. 0. 1. 0. 1. 0. 0. 0. 0. 23. 56. 22.
    5. 3. 2. 2. 0. 0. 0. 1. 0. 0. 0. 0. 21. 53. 27. 7. 4. 3. 0. 2. 1. 1.
    0. 0. 0. 0. 0. 14. 50. 29. 10. 2. 0. 0. 1. 0. 0. 1. 0. 0. 0. 0. 15.
    85. 50. 21. 11. 7. 1. 0. 0. 0. 0. 0. 0. 1. 0.</data></train_matrix>
<label_matrix type_id="opencv-matrix">
  <rows>75</rows>
  <cols>2</cols>
  <dt>f</dt>
  <data>
    0. 1. 1. 0. 1. 0. 0. 1. 1. 0. 0. 1. 0. 1. 1. 0. 0. 1. 1. 0. 1. 0. 1.
    0. 1. 0. 1. 0. 0. 1. 0. 1. 1. 0. 1. 0. 0. 1. 1. 0. 0. 1. 0. 1. 1. 0.
    1. 0. 0. 1. 1. 0. 0. 1. 0. 1. 1. 0. 1. 0. 0. 1. 0. 1. 1. 0. 0. 1. 0.
    1. 1. 0. 0. 1. 1. 0. 0. 1. 1. 0. 1. 0. 1. 0. 1. 0. 0. 1. 0. 1. 1. 0.
    0. 1. 1. 0. 0. 1. 1. 0. 1. 0. 1. 0. 1. 0. 1. 0. 1. 0. 1. 0. 1. 0. 1.
    0. 1. 0. 1. 0. 1. 0. 1. 0. 1. 0. 1. 0. 1. 0. 1. 0. 1. 0. 1. 0. 1. 0.
    1. 0. 1. 0. 1. 0. 1. 0. 1. 0. 1. 0.</data></label_matrix>
</opencv_storage>
