<?xml version="1.0"?>
<opencv_storage>
<kernel>
  <_ type_id="opencv-matrix">
    <rows>3</rows>
    <cols>3</cols>
    <dt>f</dt>
    <data>
      1.11111112e-01 0. -1.11111112e-01 1.11111112e-01 0.
      -1.11111112e-01 1.11111112e-01 0. -1.11111112e-01</data></_>
  <_ type_id="opencv-matrix">
    <rows>3</rows>
    <cols>3</cols>
    <dt>f</dt>
    <data>
      -1.11111112e-01 -1.11111112e-01 -1.11111112e-01 0. 0. 0.
      1.11111112e-01 1.11111112e-01 1.11111112e-01</data></_>
  <_ type_id="opencv-matrix">
    <rows>3</rows>
    <cols>3</cols>
    <dt>f</dt>
    <data>
      -1.11111112e-01 -1.11111112e-01 0. -1.11111112e-01 0.
      1.11111112e-01 0. 1.11111112e-01 1.11111112e-01</data></_>
  <_ type_id="opencv-matrix">
    <rows>3</rows>
    <cols>3</cols>
    <dt>f</dt>
    <data>
      0. -1.11111112e-01 -1.11111112e-01 1.11111112e-01 0.
      -1.11111112e-01 1.11111112e-01 1.11111112e-01 0.</data></_></kernel>
</opencv_storage>
